-1.14067337321525 3.81144147532543 6.49438246415551 9.31254936555124
-0.0743162606238232 3.2410390546213 2.93332648253661 1.96400688734755
4.20052989226402 7.58970853843837 2.11409554332342 3.90759742647305
2.79902025465427 -0.281307471653847 4.27786656189216 -0.527420404005421
0.8312317307422 4.36989433792634 3.42296731046294 7.08945561354309
4.12950464256511 4.00351929927361 -0.995701137109361 -0.811365658505776
5.08289538411641 0.653457100073526 3.34323025433749 3.25868902762748
0.298043803972719 1.57490407885775 5.44559341384705 4.66494586130328
3.24421740178049 2.43366097747765 4.16961165783073 4.95093369311531
-3.16918935629666 2.44824864416494 3.99992916333822 8.50920901792857
-1.04187735348529 2.17527399455134 1.16773778159612 4.82342142673348
3.46255490087309 3.10219017229824 2.96697627041679 5.71970405511884
4.22706921086076 3.90178903354548 -0.312216764879389 -2.53044605029483
1.54826980140808 -0.149065017652165 4.32567234049012 3.24757648308322
2.63419619210358 3.29898643170622 1.11619684034641 4.36246400927118
4.17219026381906 7.12761911142274 2.08818731820427 1.17902193459315
5.10953541509509 2.73760357142366 2.37382780506951 3.25443163123906
5.77261517293648 3.45491566769227 5.53682341143346 1.80240617642986
2.85841269068493 4.44819876445005 3.76536404769893 5.02015285986469
1.36615411145098 3.64293727126386 3.01004131667472 2.62028274288248
1.11750172851495 1.78040944406764 4.56373097445279 6.34302577208781
-0.535546517779456 1.49184552272015 4.69728100283943 7.59623597883562
2.29503315002197 2.58342757824773 6.47305981494747 7.05953207861264
6.35637645114716 6.0612422989026 3.03851923635697 3.51706373989016
4.11268762575426 4.3671051228791 4.49185517728872 3.04943304518629
2.65229511073431 3.91717101082721 2.26542888567009 4.48142459463069
2.21950976122063 0.946596792469032 1.61516165779121 0.897139537897137
3.5925821201598 1.91145393838673 4.9432533111128 5.10281795656044
-1.00939619835389 1.93529105481754 4.74991144803457 6.86570201055011
3.20235912697988 0.861411631805737 3.98569059871491 1.04113472298907
-3.71087888547528 3.39054227349152 2.2775589364642 8.34199496323183
-0.0212447319262229 2.71589435431194 3.2430015423979 6.1285829826218
5.09354581060677 4.18920042014131 0.309041410191566 -0.920586377402484
-0.82464215599103 1.30779802389406 3.05864391383558 4.76264295584691
0.568297422127618 0.110442675736453 0.804386823365229 2.1563077765219
3.33541834245873 3.00718299769231 4.17971760961207 4.29574558353233
-0.267675068100083 3.80022106196348 2.50326056375429 9.38088892921477
3.36124921709691 5.5167969342911 1.2918549321142 1.71756717200197
0.478682000484888 5.17863155764873 3.46442239917007 6.63045066135288
2.96759754870789 2.7723979372699 -0.069864172023225 -0.506752461201672
0.00810849513531597 -1.32131979179748 5.1285721299083 3.98408886101557
3.89450401915258 1.45154304869923 3.80434024048433 -0.257158220595795
3.29919943526898 0.260724037952315 2.36295003769687 1.18552251739659
4.9322604251546 2.10847426504344 5.77550869705301 5.82462681760789
2.97435158100874 6.49138545530048 -1.29352978108734 0.250447893582779
3.03972180372818 1.70958109247495 4.8340677689645 6.49204154212773
3.15546747796439 4.33935110711787 -0.437915975651629 0.49768578158865
3.29613427912125 2.07603766276474 2.81147100063548 4.27255835695936
4.07256681346059 2.10190840356844 6.1189798651195 5.10042002147837
-0.815166872425799 3.32283631602051 1.49034086471765 8.53558125787962
4.15755400770915 6.0221327788275 3.61061964797623 4.3943593837644
2.55428124705218 3.38910781973704 4.00390452913429 5.36629604517096
-0.851014613058313 3.79205572997206 3.10256484668245 8.40184929493423
4.50580453587686 2.62954711537198 2.92651148795273 4.98259800419484
6.59709596546514 5.34608921551734 -0.608385907480936 -0.990682148405347
1.35082019887535 2.76757512861202 5.37625502753098 5.26495106582678
-1.93538783858965 1.67981655624959 4.50059496227491 9.26495612867129
1.61495593130419 2.00077970870901 -0.469512336544313 3.9471777964479
-0.401619398997308 1.0732393069272 2.79253729227773 3.08182443686195
1.27081449516907 5.33907210123133 4.91986804124496 5.37593640071352
1.91685811271274 4.08587259656061 1.67806955969889 4.55311819500116
1.51641023286341 2.99265919227321 4.38325637548714 5.70615320182935
1.80464656569122 -1.40322403817366 5.69894874985668 5.84722700061867
-1.84862897104932 0.220807114645399 5.78022223269759 7.12406817112489
-1.90079602222443 4.04726283002588 4.42583856952504 10.2396088297611
-0.376537413793737 3.89341983269644 4.05202126970724 9.06371033605163
0.869263917876067 3.63583920988763 4.87104540814296 6.69866295610451
0.140657281978929 1.75027345779682 0.295661027499914 2.580214375188
5.13816428354666 0.390321012438866 1.85104495018511 -3.91176230426553
1.90247569434963 5.161527949468 3.13286733622667 5.02677450239428
2.18437133689938 7.40027183912853 -0.32956184967663 2.93086740336879
5.37669813039616 3.80954002816305 0.837827916030405 -0.362521282375822
6.29311092621655 6.47428185496085 2.57811281973623 3.43424668648309
2.99085556710437 5.18759216690229 2.67112695185306 7.97189370836412
3.11376068379696 2.39466607329027 0.148679013831273 -0.775863808363116
3.33734954942453 1.96541664829138 1.54257115349062 -3.09699556112151
3.71431433558549 2.78927305762914 7.84021989468975 5.65970918703094
4.30699521569766 5.93990888292389 0.757748710032017 1.53155481689739
1.17425356948135 2.40033268191851 2.90667537761089 4.60439205016115
2.7470928384582 2.92778051836053 0.565865066203469 2.58550658365934
3.91072880440671 7.28631412240719 0.647508781792101 3.43735866497097
1.32759342484421 1.82984628709691 4.79772939586786 3.9865552720405
1.65297847921136 -0.723403946717238 8.25173129141996 4.89232907714485
4.43585303881727 3.00951270572289 1.64788485889357 3.26479752697269
-0.236960802148703 2.67328227292477 3.59803097999452 6.92188049034352
4.21645121744252 4.6878502580167 0.394003190018964 2.91114056644487
-1.05666094704405 4.90219067893536 3.17787728444549 5.54993102416938
3.03317498243462 1.62535107538919 5.49084392428375 6.52675311320905
2.24202408226083 2.30885275324168 5.7557504031911 5.47002948982773
1.82648807720601 0.0507440727531585 3.31561980470913 1.87340979690927
0.308799733853577 0.4805722904418 0.860545058764042 3.20097629896223
0.940981436843828 5.50101578339271 4.92564393668929 4.56047494163588
1.77949064158807 5.59357353416252 6.43605815228462 5.68420650187724
4.66014742372535 3.96226372494612 4.14270971358838 3.33133031788597
0.184442302948294 1.75916906951101 3.80792074525142 7.47081639099124
2.59809756254479 1.59695278278219 3.21312488619148 2.39059268017083
5.23635412278267 3.6171692843166 2.36888871293416 0.0840842634398105
1.88798691764446 3.64684281843734 2.50825524815452 4.82077159497944
3.52902641515939 4.75884748499008 3.19189940140282 0.690151422208143
6.29382775572817 7.50662782001858 3.0221505456729 4.75783781146056
-0.015511675782672 5.109284990292 2.23387641822058 3.90320484362753
2.83980710215615 2.05500286386735 -1.37971840881829 -0.944057224240701
0.340729182914337 2.16497035083519 2.9382428537623 3.78790146245422
-0.52774593505558 1.71089929757762 0.994623129079352 3.30062269461073
4.17039660706808 1.56241329299247 0.724203714204463 2.18126161625068
3.4441876386074 1.61821476987657 5.0000196934884 1.33594991134201
0.487317867148875 -0.27934323772667 4.78703658738082 3.30502946355963
1.93884655770691 8.30367774554018 1.77194787298975 8.00506765746956
2.60430926543734 -0.772014151616234 2.48165250532055 2.6333058607212
4.8342755021802 4.3226742927724 2.17724594915231 0.44501877392083
0.143193517207863 1.04774341344381 2.86866955615597 4.19254382864259
4.99057145105566 2.62132964946882 2.29809719019986 -0.365892979129348
4.04328612972758 3.06663574859559 -0.19856383425865 -1.99029110645109
1.97319646463631 1.89543709225715 2.46339354231005 4.7995228380151
1.30895489034071 3.26780193666715 2.23936555212913 2.24194597162285
2.3436723676826 2.71697864114721 1.85744645070169 1.88135215650736
1.26745298891952 3.44220633455561 6.47133811791463 9.49675606965052
0.701735148794138 5.77405253040453 1.07219580282331 4.46838369622354
3.80888644862709 2.55914816662039 -0.128419180142906 2.76162305698942
3.86707758058298 2.16464301422787 3.82934086758527 5.34426190360795
1.42723639124791 5.30029056852168 2.09108606319111 6.87605038947881
1.31480377893388 2.78657738413922 3.71714550660922 6.1622200100755
0.558541226750164 4.00024077479416 3.28261623269602 4.89722699569136
-2.93951505448462 0.989190843839646 1.58569801330523 3.50080184554286
2.82899116551601 2.00997005979196 4.44507425829198 2.86205270588984
1.01044168812188 -2.220379882744 3.824873041317 0.689598065764941
2.44157929700858 3.20855882151793 0.233960385010657 4.18646296493391
2.54681101396504 1.49224197683921 1.98467589554117 1.90263349038878
5.58112045038825 2.0342449710344 3.819217259745 -0.393244265275768
2.02281263541726 -0.128134576020587 5.05282897738256 1.67177542925886
0.845874414429247 2.4513548720875 -0.634023314264925 3.21508842570082
1.43713325279246 0.654159467266425 4.36826142197838 6.1509060359559
5.03593811410595 5.48245892242891 2.12624430981705 0.823497111775523
2.26500720764437 0.718514772448884 4.14157524408749 3.14802178190148
3.32270729468957 4.74740329901482 3.48493169508461 4.98921958936632
0.150436074256521 0.205773251800223 4.19454898678718 3.88481603413403
0.759876769365004 -0.37128985584134 3.45795476740368 -0.732658396393292
4.00184566682442 2.33093726561407 6.74467923757907 5.19280657904254
-1.49312341470915 3.66909979802004 2.08815813042853 4.96371589699014
2.22930717331758 -0.585519579384053 7.72595376929748 6.26262034576385
1.68664551980518 3.04935539084309 -0.179658934982342 2.48491212109655
3.67056027246145 6.23026315352969 -1.73293868224789 -0.00484452245785566
8.34208475083762 5.0308792574944 2.36775466808536 -1.46984717132376
-2.63970498974197 4.63576872245965 0.546722785410625 6.18918219944823
0.708944540838894 4.2309713261973 3.2213259578916 7.43730070478842
0.862824270395807 2.02296352924661 5.4377088221998 5.70286374388607
4.66578033456915 2.48298161804574 5.13032182283891 2.91134493712741
5.75066195492472 2.90295944410903 5.14987943244345 2.3798745005415
3.63127500140691 3.47832788067154 4.64068011227484 3.88135132838865
0.25611773882308 6.04242909739319 4.61657061920734 10.084191111968
-0.428748932851471 4.49859009109 4.03997536173028 6.33347423292246
3.14619439629559 3.94485247090592 4.1346126746146 5.54871294936762
0.0344028851654066 4.69283431535776 3.32368394857449 6.70682927516905
5.98209227831921 4.17372984109126 2.89460031768883 -0.265202732329414
3.34091054335643 5.71515807092743 4.15216804251488 5.61791623573304
0.903679913903521 1.32862185570173 6.01201703537294 7.07134024066493
1.94310332776084 0.996611595004151 3.82471235067915 -0.310266138137733
3.70556470724359 3.43248129028003 3.60256020272309 0.93197616147993
-0.150271640827566 1.15203985681851 4.83617424753388 6.71184460671244
4.35667102528557 4.48168980939773 3.07290497141042 0.321045839258155
-0.531820438578237 2.39049316490379 3.17465397066716 6.47381810096487
-0.0873624466608982 2.8900652472745 4.00993148733216 4.63379098749392
7.43677541863191 3.65389068082607 1.18914583535271 -2.64650756352585
0.843438363742961 3.69312484504791 3.6862304165876 5.31537991834888
-0.715286946571174 3.1236517324311 6.34753519594791 9.20470812343456
4.90352599984027 1.5785887212682 4.13731678799473 3.12277041083232
-0.0581712244830472 4.2379901655382 3.19907489418848 5.8462075794752
-1.79360510285299 1.34706083747847 6.50686659973178 6.39787283950159
4.68504849693194 5.95018412448411 -3.48518854533576 -2.54785521366141
0.651391862034581 4.47343638961183 -0.850913918458781 5.56162162858593
0.929014736173848 -0.713758185848505 7.49481119570532 7.35629727453245
5.12494526047948 4.003938211443 -0.0705646282028136 1.28938207798356
1.13741711892748 2.31311210657043 3.07835402879565 5.04516949555488
0.211381359870322 1.33112708227947 7.25212108011217 9.35024888338922
5.25673815589332 -1.5726272878777 6.15171006925328 3.10720070665175
0.310598309836822 2.46133832751738 1.08011095258371 1.74735969845046
1.71032989134801 1.49429295374214 3.17244947112518 2.64331040586251
2.0752442274386 1.63657563639691 2.80102221929992 3.52644125957354
5.57733524689179 7.35155893727614 1.85162175366746 1.45340269372189
1.03959912128733 1.07982020228998 3.88047177810143 5.6892163931285
1.38350832936238 1.38409098786477 6.31731804290672 5.06373091440805
3.90069666027606 7.74332005681606 3.44844972172461 7.83853344273443
3.69202296757893 2.13646541741759 0.929077493475398 -2.93170101259374
7.89720525011687 5.86750903857883 2.02838699568225 1.84355855161971
6.99339626712043 0.879518939324121 3.19555963177145 -1.06511536302965
2.15036134793317 -0.296351815213518 7.61125374980645 4.47609790529346
-1.98827582383886 3.33747646093511 0.404859829479411 7.9500601032699
4.99694856059337 4.36680295877433 5.51649414904321 4.55225825540418
2.64608249888159 2.7512704475824 1.34843781545819 -1.1213586195489
2.53333513433838 5.64751543072112 3.05084880904073 3.9228016198931
0.553472683935399 1.23399597919433 3.12865918007888 4.54278409534271
3.80466565024868 4.21028910243416 1.92404634997573 2.80531821391193
4.25040993203653 3.12822716625984 2.90307164331451 3.93385419732701
2.43227080922012 1.8245848372536 3.2254323006821 2.84000640135706
2.97523014744851 3.05576707978255 3.3875569213688 7.55430206786244
1.91092935817911 5.30350664888505 -0.166515325155702 2.97435218086572
5.62858559653957 -0.130631351165913 0.617795309949286 -1.71507582026905
-0.567934069236246 2.34062585778707 3.53011881807922 5.4541308770442
2.89137576299689 2.12392670399655 2.75656070262639 5.64733162139272
0.395907534598868 4.45404596379023 0.164506467099981 4.33505594022341
3.29657813990711 2.62234873338343 2.74418153377632 3.58914237361156
2.29169539848571 3.12981070262616 3.4679639375425 2.67902077130276
2.72974271121151 4.62682004158049 3.32392796125416 5.55236638843747
0.823576584438144 5.53866213678886 3.18125845912266 8.35182948579979
2.94824104614201 0.844879246596996 3.9328990060088 2.09939491043363
0.242818660274107 0.446845135106872 3.40424261229675 2.38408703119507
5.48083128835666 3.0689522767672 -1.08026743945235 1.32864272601999
1.78007093596483 1.60559389895958 5.55811097828943 4.59625092103467
2.01990714542054 5.332837339169 2.53709384085331 5.37626001007646
0.188753922969698 0.621725710356647 0.19611840416619 0.789329791129047
2.95691097982898 4.52800876470944 6.5998697896013 8.87954020664845
2.6330835215898 0.0842625871919077 6.95605878900067 5.84565497017077
2.38251175022436 3.92052055551304 1.29888181332345 -0.155688495052302
1.02482187542758 1.45096076631643 1.48300071485705 4.95207179107902
-0.642855504255241 -1.00597030379103 4.58612497193655 3.81989946841182
3.79551159983179 3.39593557700602 1.3970482174313 2.62841418805583
1.66571055703294 2.59021478106305 3.89879377153176 7.66635502087089
0.113462852316186 3.76491960306795 1.63077773002746 5.89708842839875
-0.300274252881181 3.88802303124842 0.588622689102964 1.06412496947163
2.3113052130869 3.10464651337744 5.3901051654821 7.61033728433647
2.34984393565611 4.61660900407736 1.93499734119284 6.86370746911668
0.392528928988476 2.78681468830233 0.0259428485101627 2.23618068369472
0.517479013776099 6.70103419331443 4.64823556082182 10.0272998326629
4.35959346552443 6.26965903193601 1.84797398684042 1.83940097699523
1.03685755466599 3.05479646884179 2.77270123372503 3.00431274072865
3.86462498871557 2.73279405234418 3.86432435345233 4.72664022747719
0.217405583016342 3.9680655109994 3.25741816891334 4.62946355452131
3.4031891706766 4.18896223484654 3.06098490938684 4.46423523578828
0.0427758944548426 2.92703803461431 1.25401577868993 3.52548854206857
2.76736707934889 4.68860361071479 2.61325639668787 4.34663934161591
0.541188414064307 3.32547962789752 2.61100989524968 8.07402196567307
3.0892234869277 1.06209217848006 5.64225768712996 5.13254277262967
-1.34310386129503 4.3544197315744 1.53703812907369 4.78266039008748
2.28089359676014 3.11825774092534 3.51057203354727 4.63055621654
2.50025100088233 4.29983684311782 3.69784658919314 7.31251109887164
2.06485407030844 3.09281151649627 1.40173632099658 2.82217516814067
-0.173550175592758 3.8825093222989 4.04241750736088 8.48556994300471
3.03023128973325 5.09830531906853 4.0194532582572 5.66434302846108
1.76534098335499 1.84231869372344 1.95337730251765 2.58356477190842
-1.90490735569187 0.740646507297253 5.87980691297559 7.41078869589959
3.86463049418013 8.27905459764486 1.18116101088092 3.23097819468054
2.19357419423018 4.79356794009407 2.79140770434072 4.06896790828272
1.43045072461523 3.90465185857382 2.54517375160603 6.35236126314453
-2.37363848583674 1.20438361314924 1.1471704290133 4.19510785386211
1.74981080236925 3.13553199353445 -0.740669775850194 1.78736783549498
1.80041581477145 3.9327690190841 2.35795729255413 3.5129305002221
2.58547581115648 7.8276040660924 1.24174686734185 5.80917542751974
2.96108988539714 1.25204129065473 5.06421639769453 3.29664729788105
5.91952947385842 7.13912912753327 3.4025516435117 6.91847944091368
-1.93894391206747 3.68058651295637 6.0973348853937 6.8638746967067
-0.297576118201668 2.39664313397313 6.61318509623671 10.7076965432548
3.77771655877747 1.57731383266829 3.20128133158668 6.95227116289385
0.928337792703424 3.19162923712315 4.69470665747157 8.6407552546201
1.70055764360205 5.56494154146015 1.34827118935306 4.34435644555236
-0.652811272345961 1.27228430242289 4.15042006907169 5.99460623555775
-0.21131927672486 1.58781889850831 4.34125672884824 5.89453054173729
-1.79828983170377 2.37128993414778 1.95868330265737 6.55212782555081
4.00171467883103 3.88565802480056 2.71954309937162 3.94228578286325
0.803309638610682 2.59579956793875 1.77198844820413 5.56624051245024
1.51204459959823 0.294759065771068 6.35327461658916 2.37281811471853
2.07467994397135 -0.454398638821019 0.482913421969373 -1.61354957614975
3.06346679163568 4.55915632216266 3.03844471173369 2.68346863476238
5.03959238380782 3.02786118515098 0.382392790933997 3.08067020187419
4.23775671446139 3.2457603859038 1.14713804034121 -0.273593753272249
0.849331941100243 3.36236750305691 2.20905231289643 4.63107167409547
0.882860697498944 4.86915376313011 4.64597675032779 5.92073910686969
0.840194078663669 4.59629728216916 3.69510332334251 5.51556456442231
1.13001891500524 5.18981333629554 6.46002597504878 6.5163205161028
2.84014225061955 2.19930689896652 4.71180170313633 4.50713655478694
3.46779180464402 6.43927672516434 0.0586154558095566 0.808892985513403
0.423019423700769 1.36525662872091 2.85108751464761 3.16930249911862
5.61398003262223 4.58225283873865 0.563537637010646 0.55916940550367
0.713710709944363 1.96144235875869 3.54209471189961 9.64021895297729
3.34627226973589 4.96695199968805 2.80965120595613 3.84910015069229
5.31931310116101 4.61477124669175 1.86345210640632 0.582753151639557
1.59852128081887 3.73074849233187 0.96838105841569 6.13779925201031
5.56756149103721 4.84632311207471 2.35401371443289 2.09161459379931
2.51841188632398 8.74808442034983 -0.44768026879731 3.6717921189086
6.52872500330204 2.00229891234181 2.53850384323353 0.629722542699842
3.70693579222027 1.25571778684848 2.18103401294563 2.00187507386046
2.69907175688902 2.82543872764846 1.25846546412636 2.14481435108638
2.88187005991182 2.79957858210919 3.71857076546359 4.36840253570597
-2.84064031594495 1.87470162010355 5.81476884103855 8.45877880062042
7.64088080730541 1.76576012738141 1.78602010948576 -2.884265496978
2.64161352098726 3.79150075095787 -2.03078048928025 1.19766145079169
4.96759840916116 5.98013404272688 3.92136500555885 6.26933656699089
-1.08793941979848 2.46900076085526 3.88640853153557 5.36506835467466
4.24193011901311 6.01908453480176 3.5703229732121 1.58491049628543
2.14768356753891 1.99866422833856 1.82509828472696 1.69063234043499
2.73502273573932 3.11439362245237 3.81413276143173 2.19125309259143
5.95007288929648 2.50565354515538 2.54535161239304 2.24397615563096
5.49372140645951 7.0734438643763 2.25315947775454 2.64371572721431
10.9891187634369 5.84697150346924 -0.551436777840239 -2.05073368938318
2.66533367025159 2.86416426731603 -0.234083841191486 -0.851830174910584
3.44655117450587 3.78326795740062 4.19010194678501 3.51233270527303
-0.799999195391387 1.242856243445 4.09190036864333 3.29110033982094
1.52566730253986 1.68053718122017 -1.00962745527513 1.16212492806206
4.51097931685046 1.28658240196791 5.4539047656111 4.02349251655303
-1.50980983937124 -0.53436742418711 2.99711344946729 4.33053381386881
2.7193403376965 3.80431296074048 1.98154972997502 2.7798410945105
2.47084577732742 4.94383136420947 1.63027244000163 4.89248892717586
1.01585769108191 3.94685837911278 2.53617590577233 7.08545129750862
1.73454139283558 4.99971284076427 1.1468983208986 3.4812627910006
-1.2353091742779 0.39812086569705 3.89318852680547 5.3775871904615
2.32998970463286 2.66778435036323 4.29025725569666 7.69749249463977
-0.326303182393519 3.42767996851296 2.04317166960092 9.86764118594232
0.488796884761366 6.2242403228578 1.25984301344357 5.69539133624655
1.05093470991626 3.44960174051867 3.21564366627854 5.80531444474093
3.01874823673045 5.85822967070708 -0.170749926525021 2.34505681633528
0.957460075515594 0.155647197534329 4.33111127839043 4.6946524318319
3.69436919366442 1.89309016737645 4.11294000855361 -0.697442685304261
-0.209920160394895 4.71262120705096 -1.18432639299823 5.20998711993768
2.46432273393701 4.08350959327808 4.22119949116803 7.24225424813045
2.25551554313896 0.395769877710799 4.78929850703408 6.27206960260474
1.30594231726593 2.38542078459636 2.79344728689109 2.84387920577661
2.06308959015026 2.34406923173622 4.84455374114867 4.37825306385361
-0.106389185828635 5.83628190705911 5.91679475039857 12.4990972744064
1.45141413202496 0.650642732910106 5.740027415747 8.11992944369484
2.87866476748815 3.55621954080305 4.57628118138394 8.25572078099884
1.68171572954836 -0.113377612156455 6.58195658615187 2.36274632549752
3.87847137912118 -1.37353343467992 3.11529777971022 0.396853654988121
1.72434830672693 1.8719078557832 4.38165721343263 6.28756150543433
4.0727388935948 2.34860812488807 3.93547552113865 0.391716477396331
2.39515039067236 0.730647017121482 2.92903701444068 7.92996303667119
1.43868468681474 2.51866405262069 5.20870830373876 6.01123976168114
1.27568486923032 0.741778096801326 3.93764241783214 5.15795618761142
2.97691470250693 4.58713484184924 -1.38742704726765 1.01001555602923
-1.86252232163674 2.84229272834556 6.0947508147668 7.75893032234341
-0.573956235691052 0.786989523586566 4.76526778325584 5.28025197477566
0.852676527546354 1.85906053532406 0.624524926515116 2.10147652442026
0.0617447012968453 3.73715770121761 3.38025748051931 6.4213382113695
2.86260666654986 2.66612157205565 3.66497926046055 2.32594890353511
2.73689715885311 -0.590116629325582 2.53686026844563 3.42042710524544
0.867007779855686 1.89040008520234 3.22497087771541 4.52297721306668
1.61392161991065 4.48743101402833 9.33102602313724 10.9452867850533
4.01852290268014 2.23216937336734 2.75436747043782 2.32351908073639
5.97603750338842 4.30728520488837 -0.718743611729728 1.87329415395816
1.67564311319102 1.06380067131219 3.96280590723244 1.64260441102661
0.73057930145048 2.04509113188765 3.71028194923197 3.61551258793229
0.688768960405251 3.39835144460973 4.46683387119871 5.86661690355648
0.833426744804169 2.3370914156087 0.81815304062162 3.59662971801955
3.60201836770259 6.48759563387797 3.42572061863265 3.98462150711348
1.93449613046753 5.91577510923722 -0.191251312897756 2.66365404550495
2.31328022987985 3.26197032334181 2.2893654621551 4.22872628691842
2.35235595222874 2.06065593293565 4.27645581045764 3.91834147808501
0.132608022716119 2.92121708464514 7.1526625454556 7.72927117125091
2.21364370308163 -0.99645346437808 0.995070426506529 -2.24230590366273
2.12752750155597 7.5606318415546 1.63151095814497 3.14339874524954
0.715141027067344 5.63597683398914 2.43920136831275 8.42601876154923
4.75667694339884 4.07850382176427 3.11958405854591 1.94970571029773
0.719870521564527 3.1701666626735 4.47511388289939 7.07946613582255
1.55126490199746 2.38941315730022 2.52339181120719 4.44446658549289
4.22733596333016 8.25978783129153 -3.03088702725347 -0.980452650613885
-0.3781698481191 2.14693940296493 3.52835100334346 3.2703681891792
3.21371954118887 1.61759287813786 2.51459787240267 3.97218924557928
2.51403194808312 4.94340671381851 4.40030365130583 7.57260388438987
-0.467754110829024 3.5150404056423 3.77934429201196 4.66129227066276
0.966337805732045 3.34272819854569 1.55113878401215 2.50003732973595
3.97177361867465 4.94648567335658 -0.820240339355919 2.16666738187821
4.69312967923061 6.33782912951171 1.25360595764918 4.57539721734001
0.065630408738161 5.92995389999696 3.29211749883218 10.5870695559478
-1.59007462895122 4.19612867175599 2.07408595009853 7.47822192762874
3.76027308518769 3.31253076719558 4.73924538876464 7.00249961500004
-2.2743104720895 0.643441852504635 4.8560034422259 7.63701174422111
5.66494570887946 3.8208655725292 1.88121906158599 -1.29105417197972
-0.769866189374948 1.03251374465725 6.93973738192949 8.98202167850737
-0.229982298723198 0.788413408441645 3.13440030226105 5.04773032906466
2.23982155952744 2.60329127055892 5.14559899472566 6.30221559153851
4.55506536911137 5.63904474227516 0.232594783158888 1.75007521650111
5.13319205380684 5.27372775632177 4.17624236001277 5.26898065422296
1.60335685195896 0.698885025331502 2.86740494246347 5.6611215209428
-2.70454099942585 -0.997436643422016 7.21045389842445 6.95011262783652
2.97164059572912 2.04610554133362 3.51238039506263 2.82473088911187
6.56973181087091 4.88993732267514 3.56981559720965 0.952223229039964
6.4317761676567 3.37136610355373 1.98705302197213 0.574736283775169
1.85515095628326 -1.15689428425621 4.201289224373 1.48447730088314
2.90266501423873 2.81658210045354 3.05714282623006 2.89282144307974
3.25241858364258 0.593943575854883 -0.845642165446332 0.593630921790093
2.62779529339687 2.38941518935196 6.18530544716936 7.85252009857241
4.65245447561522 2.87636051388164 1.18917893304933 2.3289997701697
4.58461905435859 0.838675736747599 1.7797573084188 0.0870862219416323
3.05797390107365 4.72440595951009 3.21004168822917 1.86144739042938
0.942981329190872 0.171177761718281 3.62047388839033 5.73360266121403
3.40517518266689 3.27521088159109 2.68259449164523 4.68132619531793
-0.4242981506637 2.50765614278706 6.03773394272747 11.1294146054011
-1.04411754175341 0.492862391068796 5.60491446894701 8.48813380754732
1.12087379220444 3.58015297281836 2.18302795409096 5.23777663803079
3.16245820298162 1.121065153268 6.93008104871857 5.79740915988456
0.176346743205014 3.15899166772309 2.35442832581601 8.4208734247024
2.22450903353858 3.64095672407145 1.99877414997895 2.16714563519395
2.05406449559009 2.21939304622138 0.623294941589626 2.45622729949269
0.0751599095552385 3.44634103957156 0.269379461099905 4.28373409181782
1.75330778639805 2.41271467143929 2.28205401887525 5.03087965336873
0.477822531818619 1.77861217017159 4.05825661501127 5.97675857152576
1.92309719052806 4.13950358227569 4.3646349324761 5.66703641396383
2.89293835335626 3.10992732924604 2.96842625101549 2.66216270574294
3.46403633160192 9.34242691042429 -2.18863434664959 6.05810188941151
-4.67660369547484 2.74680292859255 2.56576442853701 9.58275116813473
1.79871223223027 5.01006682429689 1.01616725690722 3.7226225574874
4.11867967085786 1.966042154449 2.55522729988399 1.78290795742141
0.553039494756179 4.4723946695293 1.57727331857469 5.45267956020982
3.38065607577897 2.53576618890877 2.82192357273658 1.35251989213921
3.80475955353044 4.54391626351012 2.99862570348741 4.09044877552253
0.382642136736484 4.50057865765818 1.96123076472832 7.76026673750455
5.64018892594578 2.53476012877285 1.25188561019605 -2.13407062868745
3.24636021576992 5.65247006569944 5.83979389737914 5.58580494662035
5.53108866314858 5.42925926523432 0.104640523465898 0.905244449495853
4.18977304663684 3.25197218017547 0.377123999993219 2.09721895032773
1.91839827229837 3.81633605049614 3.25647799831697 4.19194269548223
1.48706010579729 4.88867202903256 -1.38621653230652 1.49356496887539
4.29348389996172 4.4883066073659 2.56415915560877 1.62648691297482
2.41528087871961 -0.266642307688957 1.25838309594221 1.32441646135634
1.45284303512493 0.703322972672338 4.92489439221983 2.46462478865276
4.87451075394766 5.26516614409962 2.52157875720801 5.4841751525474
0.498355641388163 7.47802631997133 3.35063522446407 5.0176814856431
2.99929293576576 0.911261495199395 5.65280296192098 3.98473107760941
0.742667033135591 2.54698550739863 7.46158728460814 6.72678371254533
-0.772014500393273 1.40043141594839 1.98116942116286 3.92294684688835
0.806571791322245 3.31772320436325 2.91167022320561 6.95987360814338
-0.310818193495742 3.08991140062654 4.95651336604602 3.82782145600587
0.708472444919838 3.29748519238097 4.00657129111531 3.57982857238281
0.648103120683143 5.34112319884996 1.67246774548941 3.98558246045292
-2.28773967742717 3.00006172054097 6.19812147732562 10.0560045046727
2.70505208042385 2.3367877678937 2.20560198176653 2.46338590181125
4.50971748991014 7.07663798569015 -2.69655842960249 0.786958734031848
0.868938556069036 3.5640202863712 8.10761257269886 8.05220912492974
4.63623696285287 3.20965900820099 2.18080765079271 1.34944350041177
3.30663978477088 2.49182269219256 1.46706639127879 0.913461685740885
-0.366328001789291 2.97668244507545 2.56067717905653 4.57222608704104
3.73109473470738 2.25099803486199 4.98929291359437 0.901258058862424
2.46947196481515 7.42648005421376 -1.82703661760314 1.02402232668879
4.82395813717983 3.21647603590527 2.17833117014086 -0.624719077184099
2.68768579314182 3.21255965200786 0.998168273691233 0.173655642546004
-0.0392568644966576 -1.45346598967162 4.64347084361328 2.97446307539621
0.579798252000745 3.06323267316926 5.96677250841809 6.52666592065957
-0.0472476459886438 2.69993152773629 5.25166808733728 5.29185768467795
1.84192672454153 2.02782160626426 2.52915653750121 3.58289488625161
-1.17536621240337 4.94535667737281 4.41683005818905 11.7035811934249
0.781906020971417 5.88155369665791 2.94448818980546 4.51246467300305
3.75186865372778 5.29913988722099 4.19746930537341 8.03332747949763
1.16045817700832 2.16698995673162 4.096223251982 4.59698472438099
2.71579703420186 4.54573344851217 1.33316914259693 4.0773271594179
0.323640284878816 2.36878321837874 4.75889481938441 7.6232214798544
-0.133258279638965 1.68564027765901 5.46184962489589 8.90191021165466
2.82769350625112 2.04272970678511 5.19873897406468 3.41306858784808
-0.862214259465737 1.43961415111995 2.54303890585022 3.79806386359568
3.93899593197127 0.416913349275813 4.73111942448497 1.71845861533409
4.12386595367857 3.86003770475414 0.453163053876899 1.70789649489218
5.32600290075813 6.28666284955211 5.74954383934933 3.8626795282495
0.471201076702101 2.70094748035781 0.552646003530004 2.37919166091788
1.90102993568974 -1.00775592804018 2.49377612129857 1.79312796335614
3.11254403471381 2.01320539307994 0.72551298691916 0.460353258668346
-0.123999282366536 3.72051155968675 1.80036738392065 1.95973737548359
3.71184036831503 6.68486789785828 1.47006050922081 6.31630109621381
3.05336058948278 2.26627079906797 4.11456959334189 2.63761481449825
1.54760449265877 2.28518295235467 1.44515273068782 2.57281565564413
0.660667051370529 4.91407593284678 -0.773162125500069 5.50995421115131
3.96559566529872 1.79408275541036 -1.23178067613727 -2.07966270842142
-0.671739188090236 0.310330331835035 5.08508175865329 6.05799559084647
1.3493267771773 2.04390967145969 4.0662996924253 5.02162187752003
-0.585740430916956 2.89214135958066 4.52384779651675 4.77728896487929
1.29418183382255 4.99811557823328 1.68763668033756 3.41687058042237
5.37407930342517 7.06879835801058 -0.492351000094521 2.6897513058168
6.18245586318668 3.84204470980765 -2.7801088533962 1.36747723228779
-0.645057835159333 2.33238984623055 7.4695859592683 10.9899442942753
2.83925225800833 2.12221141045516 1.67919336369356 1.68306193504061
1.49340026867576 0.589260105164403 3.63809548561589 1.89608183850675
2.52584362178022 3.12773493915592 6.07338341567933 5.62365495365396
2.13591342566584 4.81818847074489 4.06182044837787 3.49071892188857
3.04104610769283 4.34419794220097 1.99934099621972 4.99540056414169
2.91841133299976 5.71391084640397 3.006077826778 3.41987951574017
2.90293209921817 4.27689686174639 1.15356333420011 5.79676858570098
0.959960796755544 2.80131641574254 3.99236283946587 5.04568225558744
0.407852993927968 4.55923381619502 3.56374282518688 7.8142754411401
3.52349153051698 4.48003537422449 2.57068445196905 3.13662202891268
0.81397055441327 1.01619995313643 3.23683964058995 5.59279973875458
4.04775271998199 6.30172751516129 -0.148014925425467 2.76141018700466
1.69744701506137 2.67527918028616 1.65569815254985 1.61181939866682
0.232660731231372 3.08475822772337 0.651224918021938 3.63587832683038
0.583240715134916 0.578895574540156 2.53956022045997 2.89348802322997
-4.32393806808882 0.800355909338764 4.60104000748017 7.96099843471444
2.077903864041 6.30369691527148 1.43614783486783 5.0427210868728
1.09907524617695 1.82244019222964 4.99574279174451 6.20451151970218
4.8897273590002 3.24754655239485 3.13838959417078 2.80021184804727
2.67049965923503 7.07749732188281 4.67480258121511 9.25618290549355
3.56104055119082 4.95850798263193 2.2442482204917 3.11412545305406
3.99018031301598 4.08173812661699 4.0029210788482 3.95845973817211
-2.95826678282528 2.30794421699824 3.27898544436074 5.30946153897681
3.03934604193719 0.755216196757868 5.99393612612555 3.08415124078983
0.249217909416941 0.958849424586341 -1.38977508686987 2.15454074171834
-0.802201545256207 -0.144765053111847 1.71347431709316 1.92349465465719
0.082628661059136 3.55731425119753 6.41346051658825 8.8319554980936
0.825438701768817 3.86834711263465 3.73562555503975 7.85510279919316
2.01029036964163 4.90247251784254 0.970246745616781 5.00463350044569
1.78113070716782 5.23391830027187 3.07559492910413 9.4713260712134
-0.491276402191487 1.98861009149933 4.70902153644749 5.70753773446629
0.323521561955953 4.51712085316624 2.65936665269713 1.87850912383496
2.94955563372219 3.9864273037495 2.2629253967397 5.26564631827495
4.57042386906304 4.19429716113403 5.88828465698608 5.39208084783238
3.71566225995445 7.40568913745245 0.745412708043789 4.56296220742569
