3 4 4 4 999 0 0 0 0 0
3 2 4 4 0 0 0 0 0 0
2 2 4 2 0 999 0 1 1 0
3 1 3 3 1 0 1 0 999 1
2 4 4 4 0 999 0 1 0 0
1 1 1 2 1 1 1 1 1 999
1 4 1 4 1 1 1 999 0 0
3 4 3 3 999 0 0 0 0 1
3 1 4 4 1 0 0 0 0 0
3 4 4 4 999 0 0 0 0 0
3 4 4 4 999 0 0 0 0 0
1 4 4 4 1 1 0 999 0 0
1 2 1 2 0 1 1 1 1 999
3 4 3 3 999 0 0 0 0 1
2 2 4 2 0 999 0 1 1 0
2 2 1 2 0 1 1 1 1 999
1 1 1 4 1 1 1 999 0 0
1 1 3 3 1 0 1 0 999 1
2 4 4 4 0 999 0 1 0 0
1 4 3 2 1 0 0 1 1 1
3 4 4 4 999 0 0 0 0 0
2 4 4 4 0 999 0 1 0 0
3 4 4 4 999 0 0 0 0 0
1 1 1 2 1 1 1 1 1 999
3 2 1 2 0 1 1 1 1 999
2 1 4 4 1 999 0 1 0 0
2 1 4 4 1 999 0 1 0 0
3 4 3 3 999 0 0 0 0 1
3 4 4 4 999 0 0 0 0 0
1 1 3 3 1 0 1 0 999 1
3 4 4 4 999 0 0 0 0 0
2 4 4 4 0 999 0 1 0 0
1 2 1 2 0 1 1 1 1 999
3 4 4 4 999 0 0 0 0 0
1 4 4 4 1 1 0 999 0 0
1 4 4 4 1 1 0 999 0 0
2 4 4 4 0 999 0 1 0 0
1 2 1 2 0 1 1 1 1 999
2 2 4 4 0 999 0 1 0 0
2 1 1 2 1 1 1 1 1 999
3 4 3 3 999 0 0 0 0 1
1 1 3 3 1 0 1 0 999 1
1 1 1 3 1 1 1 0 999 1
3 1 3 3 1 0 1 0 999 1
2 2 1 2 0 1 1 1 1 999
3 4 4 4 999 0 0 0 0 0
2 2 1 2 0 1 1 1 1 999
1 4 1 4 1 1 1 999 0 0
3 4 4 3 999 0 0 0 0 1
2 4 4 4 0 999 0 1 0 0
2 2 3 2 0 0 999 1 1 1
1 4 4 4 1 1 0 999 0 0
2 4 4 4 0 999 0 1 0 0
3 4 4 4 999 0 0 0 0 0
1 1 1 2 1 1 1 1 1 999
3 4 3 3 999 0 0 0 0 1
3 4 4 4 999 0 0 0 0 0
1 4 4 4 1 1 0 999 0 0
3 2 3 3 0 0 999 0 1 1
2 4 3 2 0 0 0 1 1 1
2 4 4 2 0 999 0 1 1 0
3 4 4 4 999 0 0 0 0 0
3 4 4 3 999 0 0 0 0 1
3 4 4 4 999 0 0 0 0 0
3 4 4 4 999 0 0 0 0 0
2 4 4 4 0 999 0 1 0 0
2 4 4 3 0 999 0 0 0 1
2 4 4 2 0 999 0 1 1 0
1 1 1 3 1 1 1 0 999 1
2 2 4 2 0 999 0 1 1 0
2 2 4 2 0 999 0 1 1 0
1 1 1 2 1 1 1 1 1 999
1 2 1 2 0 1 1 1 1 999
2 4 4 4 0 999 0 1 0 0
1 2 1 2 0 1 1 1 1 999
1 1 1 3 1 1 1 0 999 1
3 4 3 3 999 0 0 0 0 1
2 2 1 2 0 1 1 1 1 999
3 4 4 4 999 0 0 0 0 0
2 4 1 4 0 1 1 1 0 0
2 2 1 2 0 1 1 1 1 999
3 4 3 3 999 0 0 0 0 1
3 4 3 3 999 0 0 0 0 1
1 1 1 2 1 1 1 1 1 999
3 4 4 4 999 0 0 0 0 0
2 1 4 2 1 999 0 1 1 0
2 4 4 4 0 999 0 1 0 0
3 4 3 4 999 0 0 0 0 0
3 4 4 4 999 0 0 0 0 0
3 4 3 3 999 0 0 0 0 1
3 4 4 4 999 0 0 0 0 0
2 2 3 2 0 0 999 1 1 1
3 4 3 4 999 0 0 0 0 0
1 1 1 2 1 1 1 1 1 999
3 4 4 4 999 0 0 0 0 0
3 4 1 3 999 1 1 0 0 1
1 1 1 2 1 1 1 1 1 999
2 4 4 4 0 999 0 1 0 0
2 2 3 3 0 0 999 0 1 1
2 2 1 2 0 1 1 1 1 999
2 2 4 4 0 999 0 1 0 0
1 1 1 2 1 1 1 1 1 999
3 4 4 4 999 0 0 0 0 0
2 4 4 4 0 999 0 1 0 0
1 1 4 4 1 1 0 999 0 0
3 1 3 3 1 0 1 0 999 1
3 4 3 3 999 0 0 0 0 1
2 4 4 4 0 999 0 1 0 0
1 4 4 3 1 1 0 0 0 1
1 2 1 2 0 1 1 1 1 999
2 4 4 4 0 999 0 1 0 0
1 1 1 3 1 1 1 0 999 1
1 1 1 2 1 1 1 1 1 999
1 4 4 4 1 1 0 999 0 0
2 2 3 2 0 0 999 1 1 1
2 4 1 4 0 1 1 1 0 0
3 4 4 4 999 0 0 0 0 0
2 2 4 2 0 999 0 1 1 0
1 1 4 4 1 1 0 999 0 0
3 1 4 4 1 0 0 0 0 0
2 4 4 4 0 999 0 1 0 0
3 4 3 4 999 0 0 0 0 0
2 2 4 4 0 999 0 1 0 0
3 4 4 4 999 0 0 0 0 0
3 2 3 3 0 0 999 0 1 1
3 4 3 3 999 0 0 0 0 1
2 4 4 4 0 999 0 1 0 0
3 4 3 3 999 0 0 0 0 1
1 1 1 3 1 1 1 0 999 1
3 1 3 3 1 0 1 0 999 1
2 2 4 4 0 999 0 1 0 0
3 4 4 4 999 0 0 0 0 0
2 2 1 2 0 1 1 1 1 999
3 4 1 3 999 1 1 0 0 1
2 4 1 2 0 1 1 1 1 999
3 4 4 3 999 0 0 0 0 1
3 1 3 3 1 0 1 0 999 1
3 4 4 3 999 0 0 0 0 1
2 4 4 4 0 999 0 1 0 0
3 4 3 3 999 0 0 0 0 1
2 2 4 2 0 999 0 1 1 0
2 2 1 2 0 1 1 1 1 999
1 1 1 2 1 1 1 1 1 999
2 4 4 4 0 999 0 1 0 0
3 4 4 4 999 0 0 0 0 0
3 2 4 3 0 0 0 0 1 1
1 1 1 3 1 1 1 0 999 1
1 1 1 3 1 1 1 0 999 1
2 4 4 4 0 999 0 1 0 0
2 4 4 4 0 999 0 1 0 0
3 4 4 4 999 0 0 0 0 0
2 4 4 4 0 999 0 1 0 0
2 4 4 4 0 999 0 1 0 0
1 1 1 2 1 1 1 1 1 999
2 2 4 2 0 999 0 1 1 0
3 4 4 4 999 0 0 0 0 0
3 1 3 3 1 0 1 0 999 1
1 2 3 2 0 0 999 1 1 1
3 4 4 4 999 0 0 0 0 0
2 1 1 2 1 1 1 1 1 999
3 4 4 4 999 0 0 0 0 0
3 4 4 4 999 0 0 0 0 0
1 1 1 2 1 1 1 1 1 999
3 4 3 4 999 0 0 0 0 0
3 4 4 4 999 0 0 0 0 0
1 1 3 3 1 0 1 0 999 1
2 4 4 4 0 999 0 1 0 0
3 4 3 3 999 0 0 0 0 1
1 1 1 2 1 1 1 1 1 999
2 4 4 4 0 999 0 1 0 0
3 4 4 4 999 0 0 0 0 0
1 1 1 2 1 1 1 1 1 999
3 4 4 4 999 0 0 0 0 0
3 4 4 4 999 0 0 0 0 0
3 1 3 3 1 0 1 0 999 1
2 2 4 2 0 999 0 1 1 0
3 2 3 4 0 0 999 0 0 0
3 1 4 4 1 0 0 0 0 0
1 2 1 2 0 1 1 1 1 999
3 4 4 4 999 0 0 0 0 0
3 4 3 3 999 0 0 0 0 1
2 2 4 2 0 999 0 1 1 0
1 1 1 2 1 1 1 1 1 999
1 1 1 2 1 1 1 1 1 999
1 1 1 3 1 1 1 0 999 1
3 4 3 3 999 0 0 0 0 1
2 4 4 4 0 999 0 1 0 0
3 1 4 3 1 0 0 0 999 1
1 1 3 2 1 0 1 1 1 1
2 4 4 2 0 999 0 1 1 0
3 4 4 4 999 0 0 0 0 0
2 1 1 2 1 1 1 1 1 999
1 1 4 4 1 1 0 999 0 0
3 1 1 3 1 1 1 0 999 1
1 4 4 4 1 1 0 999 0 0
2 2 4 2 0 999 0 1 1 0
1 1 1 3 1 1 1 0 999 1
3 4 4 4 999 0 0 0 0 0
3 4 4 4 999 0 0 0 0 0
2 4 4 2 0 999 0 1 1 0
2 1 4 4 1 999 0 1 0 0
3 2 1 2 0 1 1 1 1 999
2 4 4 4 0 999 0 1 0 0
2 4 4 4 0 999 0 1 0 0
3 4 3 3 999 0 0 0 0 1
3 4 3 3 999 0 0 0 0 1
1 1 1 2 1 1 1 1 1 999
3 4 4 3 999 0 0 0 0 1
2 2 4 2 0 999 0 1 1 0
2 1 4 2 1 999 0 1 1 0
3 4 4 3 999 0 0 0 0 1
3 4 3 3 999 0 0 0 0 1
2 2 1 2 0 1 1 1 1 999
2 4 4 4 0 999 0 1 0 0
3 4 4 3 999 0 0 0 0 1
2 2 4 4 0 999 0 1 0 0
1 4 4 4 1 1 0 999 0 0
2 4 4 4 0 999 0 1 0 0
2 4 3 2 0 0 0 1 1 1
3 4 4 4 999 0 0 0 0 0
2 4 4 4 0 999 0 1 0 0
2 2 4 4 0 999 0 1 0 0
2 4 4 4 0 999 0 1 0 0
2 2 1 2 0 1 1 1 1 999
2 4 4 3 0 999 0 0 0 1
3 4 3 4 999 0 0 0 0 0
2 2 4 4 0 999 0 1 0 0
2 2 4 4 0 999 0 1 0 0
2 4 4 4 0 999 0 1 0 0
2 2 4 2 0 999 0 1 1 0
2 4 4 4 0 999 0 1 0 0
3 4 3 3 999 0 0 0 0 1
2 4 4 4 0 999 0 1 0 0
2 4 3 4 0 0 0 1 0 0
2 4 4 4 0 999 0 1 0 0
2 4 4 2 0 999 0 1 1 0
2 4 4 4 0 999 0 1 0 0
3 2 4 4 0 0 0 0 0 0
2 4 3 3 0 0 0 0 0 1
3 4 4 4 999 0 0 0 0 0
2 2 1 2 0 1 1 1 1 999
2 2 4 4 0 999 0 1 0 0
2 4 4 4 0 999 0 1 0 0
3 4 4 4 999 0 0 0 0 0
2 2 1 2 0 1 1 1 1 999
3 2 3 2 0 0 999 1 1 1
2 2 4 2 0 999 0 1 1 0
3 2 3 3 0 0 999 0 1 1
2 4 4 2 0 999 0 1 1 0
3 4 3 3 999 0 0 0 0 1
3 4 4 4 999 0 0 0 0 0
3 4 4 4 999 0 0 0 0 0
3 4 4 4 999 0 0 0 0 0
2 2 4 4 0 999 0 1 0 0
3 4 3 4 999 0 0 0 0 0
3 4 3 4 999 0 0 0 0 0
3 4 4 4 999 0 0 0 0 0
1 1 1 4 1 1 1 999 0 0
2 4 4 4 0 999 0 1 0 0
3 1 3 3 1 0 1 0 999 1
1 2 1 3 0 1 1 0 1 1
1 2 3 2 0 0 999 1 1 1
1 2 1 2 0 1 1 1 1 999
1 1 1 2 1 1 1 1 1 999
3 4 4 4 999 0 0 0 0 0
2 4 4 4 0 999 0 1 0 0
2 4 4 4 0 999 0 1 0 0
3 4 3 3 999 0 0 0 0 1
3 4 3 4 999 0 0 0 0 0
2 2 1 2 0 1 1 1 1 999
2 4 4 4 0 999 0 1 0 0
1 1 1 2 1 1 1 1 1 999
2 4 4 4 0 999 0 1 0 0
2 2 1 2 0 1 1 1 1 999
2 2 1 2 0 1 1 1 1 999
2 4 4 4 0 999 0 1 0 0
1 2 1 2 0 1 1 1 1 999
2 2 1 2 0 1 1 1 1 999
1 1 1 3 1 1 1 0 999 1
1 1 1 3 1 1 1 0 999 1
2 1 3 2 1 0 1 1 1 1
3 4 4 4 999 0 0 0 0 0
3 4 4 4 999 0 0 0 0 0
1 1 1 2 1 1 1 1 1 999
1 1 4 2 1 1 0 1 1 0
3 4 4 2 999 0 0 1 1 0
3 4 4 4 999 0 0 0 0 0
2 2 3 2 0 0 999 1 1 1
2 1 3 3 1 0 1 0 999 1
2 2 1 2 0 1 1 1 1 999
1 1 1 3 1 1 1 0 999 1
2 2 1 2 0 1 1 1 1 999
1 1 1 2 1 1 1 1 1 999
1 2 1 2 0 1 1 1 1 999
1 1 3 3 1 0 1 0 999 1
3 4 3 4 999 0 0 0 0 0
2 2 1 2 0 1 1 1 1 999
1 1 3 3 1 0 1 0 999 1
3 4 4 4 999 0 0 0 0 0
2 4 1 2 0 1 1 1 1 999
2 2 4 4 0 999 0 1 0 0
3 4 4 4 999 0 0 0 0 0
2 1 4 2 1 999 0 1 1 0
3 4 3 4 999 0 0 0 0 0
3 4 4 4 999 0 0 0 0 0
2 4 4 4 0 999 0 1 0 0
2 4 4 2 0 999 0 1 1 0
3 4 4 4 999 0 0 0 0 0
2 2 1 2 0 1 1 1 1 999
3 4 4 4 999 0 0 0 0 0
3 1 3 3 1 0 1 0 999 1
2 4 4 4 0 999 0 1 0 0
2 4 4 4 0 999 0 1 0 0
3 4 4 4 999 0 0 0 0 0
3 2 4 2 0 0 0 1 1 0
3 4 3 3 999 0 0 0 0 1
2 4 4 4 0 999 0 1 0 0
3 4 4 4 999 0 0 0 0 0
3 4 4 4 999 0 0 0 0 0
3 4 3 3 999 0 0 0 0 1
3 1 1 3 1 1 1 0 999 1
3 4 4 4 999 0 0 0 0 0
3 1 1 3 1 1 1 0 999 1
1 4 4 4 1 1 0 999 0 0
3 4 4 4 999 0 0 0 0 0
3 4 4 4 999 0 0 0 0 0
2 2 1 2 0 1 1 1 1 999
3 4 4 4 999 0 0 0 0 0
3 4 4 4 999 0 0 0 0 0
2 4 4 4 0 999 0 1 0 0
2 4 4 4 0 999 0 1 0 0
3 2 4 3 0 0 0 0 1 1
3 1 4 4 1 0 0 0 0 0
2 4 4 4 0 999 0 1 0 0
3 4 3 4 999 0 0 0 0 0
1 4 3 2 1 0 0 1 1 1
1 1 1 2 1 1 1 1 1 999
3 4 3 3 999 0 0 0 0 1
3 4 3 3 999 0 0 0 0 1
3 4 4 4 999 0 0 0 0 0
2 2 4 2 0 999 0 1 1 0
2 2 4 2 0 999 0 1 1 0
2 2 4 2 0 999 0 1 1 0
2 4 4 4 0 999 0 1 0 0
3 1 4 3 1 0 0 0 999 1
3 4 4 4 999 0 0 0 0 0
1 1 1 3 1 1 1 0 999 1
2 2 4 2 0 999 0 1 1 0
2 4 4 4 0 999 0 1 0 0
1 2 1 3 0 1 1 0 1 1
3 4 4 4 999 0 0 0 0 0
3 4 4 3 999 0 0 0 0 1
2 2 1 2 0 1 1 1 1 999
3 4 3 4 999 0 0 0 0 0
1 1 3 4 1 0 1 999 0 0
2 4 4 4 0 999 0 1 0 0
3 4 4 4 999 0 0 0 0 0
2 2 4 2 0 999 0 1 1 0
2 1 1 2 1 1 1 1 1 999
2 2 4 2 0 999 0 1 1 0
2 4 4 4 0 999 0 1 0 0
2 4 4 4 0 999 0 1 0 0
2 4 4 4 0 999 0 1 0 0
3 4 4 4 999 0 0 0 0 0
1 1 1 2 1 1 1 1 1 999
3 4 4 4 999 0 0 0 0 0
3 4 4 4 999 0 0 0 0 0
3 4 4 4 999 0 0 0 0 0
2 1 1 2 1 1 1 1 1 999
3 4 4 2 999 0 0 1 1 0
1 4 4 4 1 1 0 999 0 0
3 4 4 4 999 0 0 0 0 0
3 1 3 3 1 0 1 0 999 1
1 1 1 2 1 1 1 1 1 999
1 1 1 2 1 1 1 1 1 999
3 1 3 3 1 0 1 0 999 1
3 2 1 4 0 1 1 0 0 0
1 1 1 2 1 1 1 1 1 999
3 4 4 4 999 0 0 0 0 0
1 1 1 2 1 1 1 1 1 999
1 1 1 2 1 1 1 1 1 999
2 2 1 2 0 1 1 1 1 999
3 4 4 4 999 0 0 0 0 0
1 4 4 4 1 1 0 999 0 0
3 4 4 4 999 0 0 0 0 0
3 4 4 4 999 0 0 0 0 0
1 4 4 4 1 1 0 999 0 0
3 4 3 3 999 0 0 0 0 1
3 4 4 4 999 0 0 0 0 0
3 1 4 4 1 0 0 0 0 0
2 1 4 4 1 999 0 1 0 0
2 4 4 4 0 999 0 1 0 0
3 4 4 4 999 0 0 0 0 0
3 4 4 4 999 0 0 0 0 0
3 4 4 3 999 0 0 0 0 1
2 1 4 3 1 999 0 0 999 1
2 2 4 2 0 999 0 1 1 0
2 4 4 4 0 999 0 1 0 0
2 4 4 2 0 999 0 1 1 0
1 1 1 3 1 1 1 0 999 1
2 4 4 4 0 999 0 1 0 0
3 1 3 3 1 0 1 0 999 1
1 2 4 2 0 1 0 1 1 0
2 4 4 4 0 999 0 1 0 0
1 1 1 2 1 1 1 1 1 999
2 4 3 2 0 0 0 1 1 1
1 2 1 2 0 1 1 1 1 999
1 1 1 2 1 1 1 1 1 999
2 4 3 4 0 0 0 1 0 0
2 2 1 2 0 1 1 1 1 999
2 1 1 2 1 1 1 1 1 999
1 1 1 4 1 1 1 999 0 0
3 4 3 3 999 0 0 0 0 1
1 4 4 2 1 1 0 1 1 0
2 2 4 2 0 999 0 1 1 0
3 4 3 3 999 0 0 0 0 1
3 4 3 3 999 0 0 0 0 1
3 4 4 4 999 0 0 0 0 0
2 4 4 4 0 999 0 1 0 0
3 4 3 2 999 0 0 1 1 1
3 4 4 4 999 0 0 0 0 0
2 2 4 2 0 999 0 1 1 0
3 4 4 4 999 0 0 0 0 0
1 4 4 2 1 1 0 1 1 0
2 2 1 2 0 1 1 1 1 999
3 4 4 4 999 0 0 0 0 0
1 1 1 4 1 1 1 999 0 0
1 2 1 2 0 1 1 1 1 999
2 4 4 4 0 999 0 1 0 0
3 1 3 3 1 0 1 0 999 1
2 2 1 2 0 1 1 1 1 999
1 1 1 2 1 1 1 1 1 999
1 2 3 2 0 0 999 1 1 1
3 4 3 3 999 0 0 0 0 1
3 4 4 3 999 0 0 0 0 1
3 4 4 4 999 0 0 0 0 0
2 4 4 4 0 999 0 1 0 0
2 4 4 4 0 999 0 1 0 0
2 2 4 2 0 999 0 1 1 0
2 4 4 4 0 999 0 1 0 0
3 4 4 4 999 0 0 0 0 0
2 2 4 2 0 999 0 1 1 0
3 4 4 3 999 0 0 0 0 1
3 4 4 4 999 0 0 0 0 0
1 4 3 4 1 0 0 999 0 0
3 4 4 4 999 0 0 0 0 0
3 1 3 3 1 0 1 0 999 1
1 2 1 2 0 1 1 1 1 999
3 1 1 2 1 1 1 1 1 999
2 2 4 4 0 999 0 1 0 0
3 1 3 3 1 0 1 0 999 1
1 1 1 2 1 1 1 1 1 999
2 2 4 3 0 999 0 0 1 1
2 2 4 4 0 999 0 1 0 0
3 1 3 3 1 0 1 0 999 1
1 1 4 3 1 1 0 0 999 1
2 2 4 4 0 999 0 1 0 0
1 2 1 2 0 1 1 1 1 999
3 4 4 4 999 0 0 0 0 0
3 4 4 3 999 0 0 0 0 1
3 4 4 3 999 0 0 0 0 1
2 2 4 2 0 999 0 1 1 0
2 2 1 2 0 1 1 1 1 999
1 1 1 2 1 1 1 1 1 999
3 4 4 4 999 0 0 0 0 0
2 1 1 2 1 1 1 1 1 999
3 2 3 3 0 0 999 0 1 1
3 4 3 3 999 0 0 0 0 1
3 2 4 4 0 0 0 0 0 0
2 4 4 2 0 999 0 1 1 0
2 2 4 4 0 999 0 1 0 0
2 4 4 4 0 999 0 1 0 0
3 2 4 4 0 0 0 0 0 0
2 4 4 4 0 999 0 1 0 0
2 1 1 2 1 1 1 1 1 999
3 4 3 4 999 0 0 0 0 0
2 2 1 2 0 1 1 1 1 999
1 2 1 2 0 1 1 1 1 999
2 4 4 2 0 999 0 1 1 0
3 4 3 3 999 0 0 0 0 1
3 4 4 4 999 0 0 0 0 0
2 2 4 4 0 999 0 1 0 0
3 4 3 4 999 0 0 0 0 0
2 1 3 3 1 0 1 0 999 1
2 4 4 4 0 999 0 1 0 0
2 1 4 2 1 999 0 1 1 0
1 1 1 2 1 1 1 1 1 999
3 4 4 4 999 0 0 0 0 0
3 1 3 3 1 0 1 0 999 1
2 2 4 4 0 999 0 1 0 0
3 4 3 3 999 0 0 0 0 1
3 4 4 4 999 0 0 0 0 0
3 4 4 4 999 0 0 0 0 0
2 4 4 4 0 999 0 1 0 0
2 4 4 4 0 999 0 1 0 0
3 4 4 4 999 0 0 0 0 0
2 2 3 3 0 0 999 0 1 1
3 4 4 4 999 0 0 0 0 0
3 2 4 3 0 0 0 0 1 1
2 2 1 2 0 1 1 1 1 999
